LIPSIUS;HOLLRIEDER;3
LIPSIUS;LA BELLA CENCI;3
LIPSIUS;DER PRÄSIDENT DER SEZESSION;1
LIPSIUS;URL;2
LIPSIUS;MUSMANN;3
MUSMANN;HOLLRIEDER;5
MUSMANN;LA BELLA CENCI;5
MUSMANN;DER PRÄSIDENT DER SEZESSION;1
MUSMANN;URL;4
URL;HOLLRIEDER;4
URL;LA BELLA CENCI;4
HOLLRIEDER;LA BELLA CENCI;5
HOLLRIEDER;DER PRÄSIDENT DER SEZESSION;1
LA BELLA CENCI;DER PRÄSIDENT DER SEZESSION;1
